
Time: 2022-01-22 17:38:47.711541
Threshold: 0.0166311115026474
Min_val: -96.774475
Max_val: 6.09417
Accuracy: 0.9145
Precision: 0.9969641772920461
Recall: 0.829711975745326
            
            