
Time: 2021-11-28 21:03:36.641548
Threshold: 0.03
Min_val: -96.774475
Max_val: 11.100876
Accuracy: 0.9022894736842105
Precision: 0.9168260560686377
Recall: 0.8844896668072543
            
            