
Time: 2021-11-28 23:54:24.848530
Threshold: 0.013531606644392014
Min_val: -96.774475
Max_val: 11.100876
Accuracy: 0.9096842105263158
Precision: 0.945859872611465
Recall: 0.8702385935537882
            
            