
Time: 2021-11-28 22:48:45.350861
Threshold: 0.010809287428855896
Min_val: -96.774475
Max_val: 11.100876
Accuracy: 0.8812105263157894
Precision: 0.9227160783393925
Recall: 0.8311852947390661
            
            