
Time: 2022-02-14 16:17:11.857095
Threshold: 0.005227567162364721
Min_val: -83.397254
Max_val: 168.0
Accuracy: 0.863621207069023
Precision: 0.872066747783765
Recall: 0.8478958931891161
            
            