
Time: 2022-02-13 20:34:13.255706
Threshold: 0.005021276883780956
Min_val: -80.54747
Max_val: 152.0
Accuracy: 0.8830295621249167
Precision: 0.8879617267467734
Recall: 0.8790615706575614
            
            