
Time: 2022-02-15 18:25:47.365854
Threshold: 0.004575138445943594
Min_val: -83.397254
Max_val: 168.0
Accuracy: 0.9016338779593198
Precision: 0.9068189341277723
Recall: 0.8987860892388452
            
            